1312
1 2 6 100 7259384 2.000032311
1 3 2 100 63314 2.000047089
0 2 6 100 746463 2.000234746
1 2 5 100 5621063 2.000314372
1 3 6 100 944365 2.000337494
1 2 3 100 327352 2.000389318
1 3 1 100 54207 2.000392489
1 2 4 100 68303 2.000397736
0 2 3 100 27981 2.000453980
0 3 6 100 288776 2.000575862
0 2 6 100 25413 2.000685248
0 3 2 100 12808 2.000710844
0 3 6 100 146798 2.000713122
1 3 5 100 62010 2.000778598
1 2 1 100 60952 2.000786185
1 2 6 100 923021 2.000828926
1 2 8 100 3409791 2.001057504
0 3 5 100 123061 2.001087837
1 3 4 100 8081073 2.001112747
1 3 7 100 8395313 2.001120207
1 2 7 100 48966 2.001146048
1 3 2 100 3726671 2.001157339
0 3 7 100 51975 2.001328336
1 2 5 100 16908 2.001344650
1 3 3 100 880931 2.001366333
0 2 2 100 70409 2.001473305
1 2 1 100 72813 2.001511826
1 3 8 100 13226 2.001580245
1 3 4 100 1542900 2.001582168
0 3 1 100 18860 2.001669793
1 3 8 100 1333707 2.001711767
0 3 1 100 143377 2.001760065
1 2 2 100 42814 2.001807826
1 2 4 100 24772 2.001835212
1 2 6 100 162872 2.001893202
0 2 2 100 1247345 2.001976914
0 2 1 100 1483155 2.002134860
0 3 7 100 18456737 2.002136166
1 3 8 100 14223 2.002339116
0 2 6 100 779556 2.002613392
0 3 2 100 7917 2.002628321
1 3 5 100 46863 2.002726886
1 3 8 100 48583 2.002958278
1 3 3 100 5878710 2.003055311
1 3 4 100 21538 2.003160540
0 2 2 100 7516 2.003311925
0 3 2 100 64727 2.003362479
0 2 2 100 9531383 2.003374462
1 3 1 100 1265442 2.003383690
0 2 6 100 711673 2.003414063
0 2 8 100 1265088 2.003444872
0 2 8 100 8654863 2.003457144
0 3 8 100 3944 2.003555634
0 2 2 100 848158 2.003557368
0 2 6 100 36141 2.003597469
1 3 2 100 25565 2.003728717
0 2 7 100 26543 2.003835486
0 2 6 100 4359 2.003839409
1 2 1 100 1244 2.004042651
1 3 8 100 1972442 2.004081154
0 2 3 100 45563 2.004114797
0 2 5 100 84109 2.004134413
0 3 5 100 156616 2.004260752
0 2 1 100 7921702 2.004303964
0 3 1 100 50810 2.004320012
1 2 8 100 4838781 2.004348266
0 2 1 100 13930 2.004355070
1 2 3 100 811836 2.004482094
0 2 3 100 17979031 2.004534914
1 3 7 100 566942 2.004571456
0 2 5 100 33159 2.004596473
1 3 4 100 386000 2.004734800
1 3 6 100 27375 2.004834219
0 2 8 100 23449 2.005015722
1 2 6 100 1677565 2.005190388
1 3 2 100 26331 2.005246061
1 2 3 100 7766911 2.005291238
1 2 3 100 364927 2.005291736
0 2 2 100 1251227 2.005401101
0 3 6 100 6586924 2.005466916
1 2 7 100 1067724 2.005502093
1 2 1 100 22296 2.005571654
1 2 5 100 22583 2.005649521
0 2 8 100 35476 2.005681916
1 2 5 100 49341 2.005695627
0 2 4 100 23248 2.005753892
0 3 6 100 11845 2.005862620
0 2 7 100 565769 2.005957091
1 3 6 100 1476758 2.006056431
0 2 7 100 20515 2.006063032
1 2 3 100 976127 2.006166933
0 2 5 100 3456210 2.006331270
1 3 8 100 1302545 2.006391349
0 3 8 100 773646 2.006439517
1 3 4 100 285317 2.006484292
0 3 8 100 57673 2.006534421
1 2 4 100 41658 2.006550799
1 3 7 100 43816 2.006660538
1 3 8 100 79719 2.006723822
1 3 5 100 185869 2.006768175
1 2 7 100 86714 2.006982128
1 2 2 100 2040563 2.007107671
1 3 4 100 68368 2.007241814
0 3 6 100 23639 2.007370434
1 2 2 100 43192 2.007471906
0 3 1 100 14319300 2.007481525
1 2 7 100 20434 2.007584697
1 2 1 100 50269 2.007616416
1 2 3 100 30297 2.007727641
0 2 8 100 1466184 2.007728159
1 3 4 100 23088 2.007771234
0 3 2 100 842554 2.007902206
0 3 8 100 5548454 2.007942897
1 2 8 100 41655 2.008200136
0 2 3 100 2775391 2.008361107
0 3 1 100 1396441 2.008394094
0 3 7 100 15960 2.008691128
0 2 1 100 2632 2.008744045
1 3 1 100 496009 2.008820164
1 2 5 100 14015 2.009033218
0 3 8 100 4465 2.009083559
1 2 1 100 30439 2.009190467
1 3 1 100 1879284 2.009476172
1 3 5 100 4519429 2.009546905
1 2 1 100 12789 2.009617057
1 3 3 100 4277568 2.009652331
0 3 6 100 718334 2.009739305
1 2 4 100 1067393 2.009823086
1 2 5 100 53392 2.009902298
1 3 8 100 3467451 2.009931660
1 3 6 100 53281 2.009957804
0 3 3 100 922498 2.010143155
0 3 2 100 60597 2.010162655
0 3 8 100 236077 2.010495610
0 2 5 100 8520 2.010527494
0 2 1 100 55092 2.010538950
1 2 6 100 23343 2.010570655
0 2 8 100 21459306 2.010625702
1 2 8 100 1732081 2.010741462
1 3 8 100 154209 2.010752117
1 3 3 100 5018176 2.010834921
1 2 5 100 41070 2.010841761
0 2 1 100 45466 2.010877596
0 3 1 100 38783 2.010956888
0 2 2 100 474612 2.011041902
0 2 2 100 23627397 2.011194769
0 3 2 100 35086 2.011340031
1 3 2 100 61624 2.011357232
1 2 8 100 33687 2.011431383
0 3 8 100 117016 2.011564814
0 3 4 100 5339172 2.011635400
0 3 2 100 135667 2.011660508
1 3 2 100 69883 2.011765165
0 3 1 100 31587 2.011772307
1 2 4 100 6514074 2.011846647
0 2 3 100 254682 2.011888406
1 3 3 100 18080 2.012236189
1 3 6 100 15584 2.012257595
1 2 4 100 66590 2.012683986
1 2 8 100 392157 2.012776926
0 2 4 100 3708575 2.012842653
1 2 2 100 12277 2.012886764
1 3 8 100 1463765 2.012987798
0 2 1 100 1823198 2.013111133
0 3 3 100 952351 2.013192427
1 3 1 100 52475 2.013371897
0 3 2 100 1473 2.013477145
1 2 4 100 1700671 2.013495103
0 2 7 100 2492 2.013495424
0 2 6 100 3842876 2.013498293
0 2 7 100 43980 2.013518383
1 2 7 100 3453138 2.013732945
0 2 3 100 3998 2.013883562
1 3 2 100 28951 2.014022641
0 3 5 100 5663 2.014037570
1 3 8 100 24091 2.014095797
0 2 5 100 109136 2.014136582
1 3 7 100 70646 2.014157410
1 2 1 100 22369 2.014171258
0 2 4 100 1442407 2.014276477
0 2 3 100 4846276 2.014320973
1 2 2 100 4301309 2.014831335
0 2 2 100 1659906 2.015041413
0 2 1 100 33875 2.015138778
1 2 5 100 69314 2.015237675
0 3 8 100 17027386 2.015255969
1 3 7 100 4461558 2.015289562
0 3 3 100 1050172 2.015425457
1 2 2 100 1082862 2.015445434
0 3 2 100 4093096 2.015448017
0 2 1 100 1881008 2.015484112
1 3 3 100 208233 2.015551891
0 3 8 100 446925 2.015614105
1 3 1 100 25699 2.015707511
0 2 8 100 4693 2.015713601
0 2 2 100 154324 2.015782575
0 3 1 100 33545 2.015895210
0 3 3 100 66932 2.016111952
0 2 5 100 46263 2.016128652
1 2 4 100 16771 2.016136976
0 3 6 100 43552 2.016209223
0 2 2 100 4199481 2.016212976
0 2 3 100 499167 2.016253850
0 3 8 100 7531987 2.016359888
0 2 4 100 2089 2.016365914
0 2 7 100 62374 2.016378950
1 2 2 100 4836 2.016401372
1 2 1 100 95 2.016441324
0 2 3 100 2269042 2.016477168
1 3 4 100 23983 2.016515374
0 2 8 100 95 2.016562296
1 2 3 100 77057 2.016601626
1 3 6 100 147921 2.016651506
1 2 3 100 392 2.016726239
0 3 3 100 76615 2.016808842
0 3 6 100 187097 2.016960617
1 3 6 100 3543074 2.016966675
1 3 3 100 5003224 2.017192088
0 3 8 100 1347858 2.017225661
0 2 3 100 46461 2.017233155
1 2 4 100 1850093 2.017297419
1 3 1 100 20828 2.017395526
1 3 7 100 299375 2.017405811
0 3 6 100 1939665 2.017514986
1 2 1 100 1359893 2.017677598
1 3 7 100 5291 2.017691579
0 2 1 100 3562236 2.017703709
0 3 2 100 20693 2.017806083
1 2 5 100 47844 2.017859422
1 3 6 100 21313 2.017899456
0 2 2 100 4483126 2.017984064
0 3 4 100 121467 2.018123243
0 3 3 100 58515 2.018416972
0 2 6 100 67834 2.018438074
0 2 5 100 26589 2.018442884
0 2 6 100 36842 2.018475811
1 2 4 100 1299191 2.018594808
0 2 6 100 29364 2.018631823
0 3 2 100 1385179 2.018657583
1 2 7 100 3538342 2.018689313
1 3 5 100 629944 2.018694079
0 3 8 100 20507 2.018721389
1 3 8 100 48932 2.018811626
1 2 6 100 932005 2.019063295
1 3 1 100 32209 2.019142305
0 3 1 100 633777 2.019347408
0 2 2 100 525332 2.019376605
0 2 4 100 1346165 2.019395191
0 2 4 100 148430 2.019455620
1 3 5 100 54633 2.019536541
0 3 2 100 1907344 2.019675145
1 3 3 100 81700 2.019741382
1 3 7 100 130152 2.019807488
0 2 7 100 2376541 2.019832727
0 3 8 100 49433 2.019902006
0 2 2 100 2966482 2.020170178
0 3 8 100 6703700 2.020320707
1 2 8 100 1492079 2.020390693
1 2 7 100 1585 2.020393774
0 3 8 100 1240877 2.020509445
0 3 4 100 1560247 2.020561730
0 2 5 100 75373 2.020590975
1 3 3 100 12001206 2.020678023
0 3 6 100 43774 2.020701106
0 2 2 100 23010 2.020763224
0 3 2 100 56971 2.020806243
0 3 6 100 98546 2.020838810
0 2 3 100 26143 2.021031622
0 3 6 100 8845046 2.021083851
0 3 5 100 35680 2.021180584
1 2 2 100 592326 2.021261866
1 3 5 100 44195 2.021622330
0 3 3 100 870518 2.021685337
1 3 4 100 1491980 2.021733128
1 3 6 100 1475267 2.021818820
1 3 4 100 9931 2.021903351
0 2 1 100 1335056 2.021984496
1 3 8 100 4317270 2.022018201
0 3 4 100 11445 2.022027966
0 2 3 100 44375 2.022173270
0 3 2 100 2236461 2.022311498
1 2 3 100 399687 2.022565719
0 2 8 100 3994957 2.022615010
0 2 4 100 9146062 2.022635040
1 2 8 100 52915 2.022746345
1 2 4 100 16216 2.022882060
1 3 5 100 1607602 2.022888723
1 2 3 100 4593711 2.023118411
0 3 3 100 24515 2.023169683
1 3 6 100 9579967 2.023268189
1 3 7 100 2754078 2.023413509
0 2 4 100 1724324 2.023482994
0 3 7 100 23822 2.023499895
0 3 3 100 137728 2.023504112
0 3 1 100 124283 2.023545587
0 3 6 100 22425 2.023572866
1 3 8 100 54057 2.023607098
0 3 8 100 8940247 2.023610618
0 2 3 100 171134 2.023711618
1 3 7 100 950660 2.023723904
1 3 3 100 33081 2.023735758
0 2 6 100 35732 2.023826310
0 3 8 100 134919 2.023944213
1 2 5 100 42352 2.023998113
1 3 3 100 13474 2.024085621
0 2 6 100 62586 2.024114786
1 3 7 100 8012282 2.024151684
1 3 7 100 74099 2.024228049
1 3 6 100 6647 2.024296492
0 2 5 100 4421 2.024406752
0 3 5 100 2132 2.024437077
0 2 5 100 512805 2.024463946
1 2 3 100 4315979 2.024772729
0 3 3 100 317443 2.024807494
0 3 8 100 6469376 2.024914794
1 3 7 100 138048 2.025189438
0 2 8 100 4038574 2.025215871
0 3 7 100 8473 2.025255250
1 2 8 100 37694 2.025282534
0 3 6 100 74160 2.025314871
0 2 6 100 42067 2.025511798
0 2 5 100 17494748 2.025555992
1 2 8 100 1155721 2.025856170
0 3 5 100 1123766 2.025870707
1 3 2 100 106862 2.025931065
1 2 2 100 3906852 2.026069812
0 2 4 100 35494 2.026190754
1 2 7 100 21328 2.026203564
0 2 6 100 195548 2.026428498
1 2 6 100 50902 2.026493932
1 3 6 100 54094 2.026619809
0 2 3 100 9120537 2.026795547
0 2 4 100 3362199 2.026821364
1 3 1 100 4388 2.026988044
1 3 3 100 52951 2.027004212
1 2 1 100 68349 2.027058113
1 3 8 100 1059867 2.027097600
0 2 4 100 883240 2.027144723
0 2 6 100 66066 2.027200418
0 3 3 100 16006 2.027283321
0 2 7 100 5703317 2.027380290
1 2 1 100 956 2.027428143
0 2 3 100 1145841 2.027436666
0 3 6 100 1391 2.027480073
0 3 4 100 1693061 2.027520396
1 2 2 100 74012 2.027578219
1 3 5 100 4917 2.027622075
1 2 3 100 159186 2.027735044
0 2 5 100 8471 2.027741242
1 2 3 100 1799333 2.027938920
1 3 3 100 34497 2.027942847
1 3 3 100 517994 2.027948422
0 2 2 100 1409709 2.028038956
1 2 5 100 9252604 2.028050568
1 2 1 100 115910 2.028064890
1 3 6 100 18964 2.028095778
1 2 3 100 40545 2.028108515
1 3 2 100 7242 2.028117461
0 3 7 100 85821 2.028137417
1 2 8 100 64710 2.028181811
1 3 4 100 1567743 2.028216816
1 2 8 100 24261335 2.028313401
1 3 5 100 68351 2.028382884
0 2 8 100 127988 2.028422463
0 2 5 100 1231150 2.028492626
0 3 8 100 62246 2.028504294
1 3 4 100 3067759 2.028527876
0 3 8 100 3910 2.028623104
0 3 7 100 14974 2.028680807
1 3 7 100 4844 2.028693079
1 2 1 100 76616 2.028778811
1 2 4 100 2623274 2.028789734
0 2 6 100 1228108 2.028863870
1 3 4 100 415296 2.028942361
1 2 8 100 9210 2.029037670
0 2 3 100 6930039 2.029185595
1 3 2 100 18684066 2.029432277
1 2 8 100 1384 2.029563949
0 2 4 100 1235281 2.029718064
0 2 5 100 19819 2.029915612
0 3 6 100 20609 2.030122692
1 3 6 100 2265560 2.030125407
1 2 4 100 28425 2.030146683
1 3 8 100 28527 2.030297890
1 2 7 100 1030030 2.030342649
0 2 3 100 62369 2.030343669
1 2 6 100 736343 2.030494805
1 3 7 100 5254729 2.030539975
1 3 1 100 530770 2.030599713
1 3 3 100 22239528 2.030711479
1 2 6 100 29669 2.030759686
0 3 1 100 26941 2.031085571
1 3 7 100 21440561 2.031127655
1 3 2 100 29322 2.031229755
0 2 4 100 1761257 2.031309808
1 2 1 100 6653 2.031324847
0 3 3 100 114988 2.031468555
0 2 5 100 9899 2.031490030
1 3 1 100 1062623 2.031536998
1 2 3 100 23455 2.031659932
1 3 3 100 597058 2.031734925
0 3 2 100 10782 2.031820696
0 3 8 100 8096250 2.031875597
0 3 7 100 35091 2.031899690
0 2 8 100 25176 2.032009430
1 3 3 100 3809 2.032019914
1 3 5 100 9168 2.032113258
1 2 6 100 1212108 2.032157607
0 2 8 100 1827790 2.032163681
0 2 8 100 3950 2.032164037
1 3 5 100 27667 2.032182034
0 2 5 100 1966442 2.032220156
1 2 7 100 21744 2.032254898
1 2 2 100 9251 2.032261703
0 2 7 100 2171458 2.032313793
1 3 8 100 14018248 2.032374386
0 2 3 100 59375 2.032432977
1 3 2 100 283 2.032471752
0 3 2 100 1584667 2.032540355
1 2 4 100 177381 2.032544982
0 2 7 100 76768 2.032561017
1 2 4 100 1572 2.032777228
1 2 2 100 22092342 2.032807229
1 3 3 100 1709150 2.032893597
1 2 4 100 3247992 2.032941769
1 3 6 100 37977 2.033017540
1 3 8 100 2994822 2.033042123
0 3 3 100 175176 2.033150316
1 3 8 100 155826 2.033187275
1 3 7 100 58046 2.033271910
1 2 6 100 16319 2.033538486
0 2 1 100 60706 2.033545406
1 2 4 100 62030 2.033746304
1 2 4 100 11530 2.033774623
0 3 7 100 239869 2.033783122
1 3 8 100 63569 2.034000969
1 2 2 100 9264 2.034041616
1 2 2 100 37545 2.034139862
0 2 3 100 577893 2.034205143
1 2 6 100 1121604 2.034248282
1 3 3 100 52645 2.034289657
0 3 8 100 47762 2.034308331
0 3 3 100 6435 2.034350166
1 2 3 100 5838905 2.034458869
1 2 2 100 923211 2.034540643
0 3 1 100 1416 2.034598716
1 3 5 100 23915614 2.034620003
0 2 3 100 1041205 2.034658955
1 3 4 100 8024 2.034665747
1 2 7 100 1674056 2.034692692
0 2 7 100 33413 2.034747119
0 2 1 100 124628 2.034826151
1 3 4 100 77456 2.034832042
1 3 5 100 251896 2.034854334
0 3 2 100 5861652 2.035113611
1 2 3 100 1268913 2.035191341
0 3 5 100 20422 2.035193309
0 3 4 100 6968110 2.035278971
1 3 3 100 238332 2.035404494
1 3 2 100 29705 2.035464324
1 2 8 100 6273 2.035475529
0 2 3 100 28235 2.035717358
1 2 4 100 6633 2.035826432
1 2 6 100 225536 2.035946056
1 3 5 100 18100 2.035980781
1 2 5 100 21538 2.035996290
0 3 2 100 78793 2.036130010
1 2 6 100 66923 2.036140445
1 3 3 100 578575 2.036319117
1 2 3 100 3845884 2.036390522
0 3 3 100 8846 2.036405900
0 3 8 100 25106 2.036430832
1 3 7 100 2977800 2.036505225
1 3 1 100 1056318 2.036570142
0 2 5 100 52797 2.036575234
1 3 5 100 4728104 2.036586983
1 3 3 100 121297 2.036649963
0 2 7 100 25754 2.036666596
1 2 2 100 1263003 2.036685619
1 3 6 100 103723 2.037215856
0 3 7 100 14166 2.037258699
0 2 1 100 1798 2.037316321
1 2 8 100 5928 2.037393521
0 3 1 100 22201 2.037422642
0 2 4 100 52145 2.037446591
0 2 7 100 3678291 2.037465058
1 2 4 100 9720359 2.037508092
1 3 5 100 30242 2.037660694
1 2 6 100 6572887 2.037679394
0 3 7 100 6356628 2.038006563
0 2 7 100 3645 2.038011025
0 3 2 100 802966 2.038045618
1 2 3 100 74933 2.038138095
1 3 3 100 1187073 2.038259056
0 2 8 100 665672 2.038284370
1 3 7 100 8187110 2.038349179
0 2 6 100 929836 2.038358919
1 3 4 100 2678390 2.038559112
1 3 7 100 203738 2.038640315
0 2 6 100 28672 2.038702603
1 3 4 100 169623 2.038718741
0 3 8 100 27465 2.038757815
1 2 1 100 1091352 2.039159127
0 2 7 100 17181 2.039233855
0 2 4 100 232107 2.039313489
0 2 3 100 43980 2.039355552
1 2 1 100 4511 2.039416140
0 2 6 100 869180 2.039502242
1 2 5 100 66968 2.039744379
1 3 4 100 108998 2.039824633
1 3 5 100 578263 2.039850976
0 2 1 100 4412255 2.040129499
0 3 6 100 8374820 2.040232295
1 2 4 100 25370 2.040240475
1 3 5 100 401601 2.040252404
0 3 6 100 1394147 2.040369102
0 2 1 100 1602945 2.040482562
1 2 6 100 37139 2.040573123
0 2 7 100 22661177 2.040810970
0 3 6 100 9487083 2.040870857
0 3 2 100 3366 2.040898751
1 3 4 100 22645 2.040935202
0 2 3 100 8683 2.040965044
1 3 7 100 175011 2.041142492
1 3 8 100 43741 2.041149779
0 2 5 100 898720 2.041150353
0 3 4 100 49078 2.041162284
1 3 6 100 1740938 2.041423540
1 3 8 100 13652 2.041466640
0 3 6 100 70736 2.041467061
0 3 2 100 68812 2.041712890
1 2 6 100 75726 2.041943231
0 3 2 100 9354 2.042030531
1 3 2 100 491163 2.042038904
1 3 1 100 5759 2.042060091
0 2 4 100 9001138 2.042192788
0 2 3 100 58884 2.042262363
0 2 2 100 49822 2.042333944
1 2 7 100 52844 2.042417747
0 3 3 100 75896 2.042419983
1 2 6 100 13415694 2.042504263
1 2 8 100 22838 2.042518614
0 2 6 100 76773 2.042633940
0 3 2 100 8409 2.042703056
0 2 4 100 1287517 2.042881555
0 3 3 100 8141 2.043038808
0 3 1 100 6828833 2.043261941
0 2 7 100 20669872 2.043283880
1 2 3 100 14901 2.043338549
1 3 7 100 1002645 2.043361237
0 2 7 100 929890 2.043494117
1 2 3 100 23372 2.043533674
1 2 7 100 1565230 2.043546504
0 2 3 100 1355823 2.043630115
1 3 8 100 4476 2.043638088
1 2 1 100 1841 2.043658152
0 3 4 100 7177215 2.043807886
1 3 6 100 6893042 2.043886623
0 3 3 100 35501 2.043965998
0 2 2 100 59756 2.043968311
0 2 3 100 20713 2.044027096
0 2 5 100 8614 2.044068456
0 3 5 100 9087 2.044126511
1 2 8 100 61119 2.044143663
1 3 1 100 64972 2.044235273
0 3 2 100 21898 2.044251083
0 3 7 100 68434 2.044357139
0 2 7 100 26290 2.044394337
1 2 6 100 72453 2.044534940
1 3 4 100 1907 2.044669145
0 2 4 100 69412 2.044675948
0 3 7 100 7647076 2.044906772
1 3 6 100 196216 2.044921522
1 2 4 100 6763903 2.045080577
0 3 4 100 1082379 2.045091199
0 3 1 100 1364763 2.045204840
0 2 7 100 27565 2.045352691
0 2 7 100 31330 2.045361419
0 2 5 100 993295 2.045370287
0 2 8 100 54097 2.045552039
1 3 4 100 23646 2.045824201
1 2 5 100 34304 2.045844122
0 2 4 100 20291 2.045863861
0 3 5 100 897478 2.045929549
1 3 2 100 7706822 2.045960423
0 3 8 100 3644 2.045996786
0 2 7 100 61568 2.046061116
1 2 2 100 23444 2.046297761
0 3 6 100 602812 2.046305798
1 2 1 100 6356 2.046555751
1 3 1 100 21421051 2.046808555
1 2 3 100 1036097 2.046882083
1 3 4 100 45660 2.046891835
1 2 8 100 26728 2.046897631
0 2 8 100 8945 2.046949986
0 2 1 100 65302 2.046951635
1 2 4 100 1508396 2.047124449
1 2 4 100 78780 2.047252026
0 3 1 100 29668 2.047296346
0 2 4 100 77664 2.047312694
0 2 7 100 640576 2.047537089
1 2 3 100 1326674 2.047547004
0 3 3 100 48975 2.047590605
1 2 5 100 52399 2.047697643
1 2 6 100 86416 2.047751686
1 3 2 100 62872 2.048148447
1 3 2 100 5402 2.048203991
1 2 6 100 18770998 2.048248464
1 3 1 100 1916303 2.048441240
0 2 8 100 8859357 2.048544184
1 3 4 100 29294 2.048588383
1 3 7 100 60871 2.048682721
1 3 7 100 41452 2.048733184
1 3 2 100 744842 2.048734499
0 2 4 100 772052 2.048770411
0 2 7 100 328948 2.048976798
0 2 6 100 2016254 2.048995399
1 2 3 100 80639 2.049019266
1 2 7 100 21348 2.049030922
0 2 5 100 6935 2.049030957
1 3 2 100 205827 2.049120308
0 2 4 100 2562230 2.049185942
1 3 4 100 3937 2.049280811
1 2 8 100 659990 2.049375983
1 3 6 100 863756 2.049496829
0 3 2 100 5791216 2.049647668
0 2 5 100 155891 2.049733427
0 3 7 100 1485894 2.049762605
1 3 7 100 4908478 2.049807959
1 2 8 100 3612107 2.049840465
0 2 5 100 2360870 2.049929586
0 2 7 100 8262711 2.049966494
1 2 1 100 670641 2.050134189
1 3 6 100 35139 2.050146400
0 3 2 100 74606 2.050150121
0 3 1 100 1960963 2.050157534
0 3 8 100 40428 2.050243761
0 2 7 100 56936 2.050244168
1 2 2 100 79974 2.050256095
0 2 7 100 1214898 2.050284338
0 3 6 100 2552 2.050357447
1 2 2 100 20211831 2.050374638
0 2 6 100 135492 2.050420682
0 2 2 100 1612 2.050433800
0 3 2 100 13219 2.050489826
0 3 1 100 2109653 2.050489942
1 3 6 100 64249 2.050552178
0 2 2 100 3566242 2.050595111
0 2 4 100 7775344 2.050607359
1 3 2 100 126772 2.050620344
1 3 5 100 92966 2.050676670
0 2 4 100 66112 2.050751606
0 2 4 100 9524 2.050953051
0 2 6 100 869208 2.051005898
0 2 3 100 56097 2.051064655
1 2 7 100 2482394 2.051089966
1 3 1 100 72443 2.051148663
1 2 4 100 1301437 2.051239058
0 2 5 100 2982 2.051265535
0 2 7 100 33273 2.051366825
1 3 4 100 1384027 2.051407963
0 3 4 100 11746 2.051446889
0 2 6 100 14349237 2.051500738
0 2 1 100 39420 2.051539565
1 2 7 100 24631 2.051590951
0 3 4 100 48012 2.051666537
1 2 2 100 4511079 2.051817436
0 2 8 100 51040 2.051820722
1 3 2 100 50519 2.051820785
1 2 7 100 164136 2.052038077
1 3 6 100 43062 2.052050478
0 2 3 100 5075156 2.052127705
0 2 6 100 4848235 2.052135052
1 3 4 100 20949 2.052221015
1 3 2 100 23292300 2.052345584
1 3 8 100 46826 2.052591098
1 2 2 100 189830 2.052601696
1 2 8 100 1361204 2.052669441
1 3 7 100 974474 2.052720536
0 2 3 100 8797 2.052738015
0 3 5 100 76898 2.052780536
1 2 3 100 13552 2.052851059
1 2 6 100 3607 2.052869768
1 3 2 100 811 2.052882072
0 2 4 100 30483 2.053225412
0 2 3 100 53988 2.053228802
0 2 4 100 2317800 2.053232622
0 2 1 100 64595 2.053266265
0 2 8 100 184906 2.053284521
0 3 8 100 7300865 2.053337064
1 2 1 100 3139 2.053397107
0 2 1 100 1326 2.053517887
0 2 8 100 1792032 2.053538597
1 3 2 100 66105 2.053664139
1 3 8 100 42075 2.053684905
1 3 3 100 802983 2.053863132
1 2 5 100 108010 2.053928895
1 2 3 100 3455003 2.053954116
1 2 2 100 30221 2.054147698
1 2 6 100 2011273 2.054190610
1 2 8 100 148022 2.054254320
1 3 3 100 36667 2.054389844
0 2 8 100 77532 2.054516413
1 3 6 100 1785172 2.054655394
0 3 3 100 22442 2.054677026
0 2 2 100 76435 2.054857686
0 2 5 100 3529582 2.055317237
0 3 3 100 8318 2.055357554
1 2 3 100 2969498 2.055382789
1 2 8 100 1809 2.055421528
1 3 8 100 8632193 2.055657247
0 2 5 100 26942 2.055764456
0 3 8 100 168219 2.055854679
1 3 4 100 4416 2.055951960
1 2 2 100 2363643 2.055954481
0 3 2 100 30984 2.056085500
1 3 4 100 342155 2.056244575
0 3 4 100 36141 2.056363395
0 2 6 100 7232 2.056370912
1 3 1 100 4324452 2.056397706
0 3 6 100 1470142 2.056419257
0 2 7 100 113011 2.056492043
0 2 1 100 643634 2.056542345
0 2 2 100 1032335 2.056640418
1 2 1 100 662 2.056708296
0 2 5 100 78081 2.056730687
0 2 5 100 3195501 2.056798077
1 3 6 100 24055 2.056822705
0 2 6 100 980244 2.056890619
1 2 8 100 2854978 2.057214320
1 2 8 100 25688 2.057235963
0 2 4 100 1984641 2.057406613
1 2 5 100 22127 2.057427790
1 2 1 100 457085 2.057542081
0 3 4 100 27534 2.057578006
0 3 5 100 62428 2.057632645
0 3 3 100 43183 2.057904783
0 3 1 100 413649 2.057937690
1 3 2 100 2122997 2.057987182
1 2 5 100 2127972 2.058013215
1 3 4 100 1096988 2.058294347
0 3 5 100 66638 2.058317887
0 3 2 100 2637362 2.058371012
0 2 8 100 22771 2.058417894
0 3 6 100 27646 2.058419371
1 2 3 100 58142 2.058538597
1 3 6 100 3133276 2.058550889
0 3 5 100 4010154 2.058558063
1 2 3 100 54879 2.058560637
0 2 8 100 28119 2.058725585
1 3 4 100 23400 2.058835212
1 2 6 100 109842 2.058848376
1 2 6 100 41132 2.058862406
0 2 8 100 33070 2.058907404
0 3 2 100 319339 2.058914845
1 2 6 100 727239 2.058927060
1 3 8 100 33087 2.058974640
1 2 5 100 37031 2.059204262
0 2 4 100 29496 2.059277695
0 2 3 100 24056 2.059434821
1 3 6 100 1971101 2.059508312
1 2 1 100 69208 2.059651247
1 3 2 100 1115800 2.059664739
0 3 1 100 3623542 2.059755184
1 2 6 100 5129255 2.059780303
1 2 2 100 47257 2.059794486
1 3 7 100 47714 2.059847857
1 3 5 100 794216 2.059857084
1 3 1 100 436046 2.059957038
1 3 1 100 10313 2.060020127
1 2 8 100 608916 2.060128786
1 3 3 100 136390 2.060150268
1 3 8 100 131652 2.060235943
1 2 1 100 48861 2.060242287
1 2 4 100 2575339 2.060244284
0 3 7 100 68453 2.060294422
0 2 1 100 52854 2.060304094
1 2 4 100 22167 2.060330573
1 3 4 100 1102619 2.060363830
0 3 3 100 41270 2.060364254
0 3 5 100 1633491 2.060468065
1 3 3 100 11785 2.060523909
1 3 5 100 5107 2.060547779
1 3 4 100 16325196 2.060607858
0 2 3 100 1802726 2.060623925
1 3 5 100 185064 2.060637187
0 3 6 100 22355 2.060804171
1 3 1 100 13257310 2.060891251
0 2 6 100 29115 2.060969129
1 2 1 100 8597852 2.061084451
1 3 8 100 445442 2.061152950
0 2 7 100 44430 2.061182607
0 3 5 100 59194 2.061367847
1 2 8 100 23535 2.061486827
1 3 3 100 243393 2.061578384
1 2 3 100 24685333 2.061608019
1 3 2 100 729330 2.061693790
1 3 7 100 23636 2.061715769
1 3 3 100 23378843 2.061888369
0 2 3 100 23392 2.062010889
1 2 6 100 32347 2.062167726
0 3 3 100 57299 2.062227162
1 2 8 100 3683 2.062370509
1 3 3 100 61760 2.062383662
0 3 6 100 7628888 2.062546890
1 2 6 100 69848 2.062567132
0 2 3 100 1959528 2.062578755
0 2 1 100 3997163 2.062632425
0 3 8 100 1717036 2.062697623
1 3 8 100 65448 2.062756639
0 3 6 100 184627 2.062776915
1 3 3 100 75475 2.062815254
1 2 2 100 926905 2.062853493
0 2 8 100 33942 2.062930877
0 2 3 100 73292 2.062989630
0 3 8 100 19257 2.063010331
0 2 6 100 127984 2.063039133
1 3 4 100 235635 2.063064754
0 2 1 100 74810 2.063066557
1 3 8 100 56977 2.063075780
0 2 6 100 7840 2.063161285
1 2 4 100 25876 2.063312292
1 3 1 100 28838 2.063472451
0 3 4 100 1023998 2.063482354
1 3 2 100 40170 2.063485635
0 3 8 100 1702 2.063594318
1 3 5 100 10822877 2.063720404
1 3 3 100 5237 2.063744150
0 2 4 100 2808999 2.063820567
1 3 4 100 29423923 2.063832667
0 2 7 100 43706 2.063907229
0 3 6 100 7013759 2.063963457
0 3 6 100 17254 2.064041571
1 3 1 100 28791 2.064092409
1 3 8 100 449016 2.064104877
0 2 6 100 1950718 2.064143796
1 2 6 100 7778 2.064260986
1 3 7 100 73749 2.064355048
1 3 8 100 5970 2.064437463
1 3 5 100 28911 2.064516987
0 2 2 100 48355 2.064621366
1 3 7 100 7912601 2.064703546
0 3 4 100 73315 2.064724357
0 3 5 100 22608 2.064750098
1 3 6 100 1091 2.064791550
0 3 4 100 463990 2.064794901
1 3 6 100 6161 2.064805082
1 3 2 100 959557 2.064805187
0 3 8 100 3194931 2.064813211
1 3 4 100 166525 2.064936760
1 2 1 100 1100706 2.065033565
1 3 3 100 47027 2.065084144
0 2 7 100 52481 2.065094618
1 2 4 100 1641592 2.065095663
1 2 5 100 10520454 2.065119035
0 3 1 100 41756 2.065129071
0 2 5 100 26217 2.065262908
0 2 6 100 324785 2.065331351
0 3 2 100 137791 2.065408517
1 3 1 100 145384 2.065418104
0 2 4 100 26543 2.065421919
1 2 7 100 3122 2.065432609
1 3 4 100 20256 2.065454690
0 2 5 100 49956 2.065488438
0 3 2 100 10191 2.065524923
0 2 8 100 728078 2.065630115
0 2 4 100 104428 2.065723730
1 3 2 100 28369 2.065785157
0 2 8 100 46687 2.065873243
1 3 7 100 1276901 2.065933221
1 2 6 100 2169503 2.066005827
0 2 5 100 4068404 2.066076006
0 3 3 100 101884 2.066188958
0 2 7 100 26256 2.066331544
0 2 6 100 78330 2.066462171
0 3 5 100 6383 2.066509275
1 3 3 100 7437 2.066524701
0 3 2 100 21942 2.066577866
0 3 5 100 7257301 2.066652306
0 2 3 100 780133 2.066705999
1 3 2 100 77288 2.066883663
1 3 5 100 392159 2.066899507
1 3 6 100 2852792 2.066946979
0 3 4 100 4296 2.067031374
0 2 2 100 5688176 2.067049648
1 2 5 100 78189 2.067108970
0 3 4 100 77608 2.067129213
0 3 4 100 56849 2.067302286
0 3 5 100 24872 2.067370060
1 3 4 100 53199 2.067387333
0 2 1 100 47671 2.067403489
1 3 7 100 2893799 2.067412325
1 2 7 100 1876103 2.067428127
1 3 7 100 193 2.067530602
0 2 8 100 25222 2.067700000
1 3 1 100 35227 2.067702070
1 3 7 100 1266142 2.067710422
1 2 1 100 32334 2.067923849
1 2 7 100 1210 2.068021392
1 2 7 100 1860 2.068202544
0 3 8 100 3849848 2.068303488
0 2 4 100 5739 2.068374998
0 2 8 100 5298 2.068620289
0 3 6 100 6928 2.068711942
0 2 5 100 2282623 2.068855173
0 2 4 100 7253 2.069001865
1 2 2 100 458756 2.069085899
0 3 6 100 720102 2.069256366
1 3 8 100 14817 2.069331565
0 2 6 100 731144 2.069357655
0 2 7 100 1679720 2.069381170
1 2 1 100 2472844 2.069412677
0 2 4 100 3425310 2.069464861
1 2 6 100 20204 2.069489949
1 3 1 100 1571519 2.069627876
0 3 7 100 4959106 2.069715431
1 2 1 100 4697835 2.069723481
0 2 7 100 3447158 2.069725788
1 3 7 100 9577 2.069727676
1 3 3 100 1889031 2.069727697
0 2 3 100 20736 2.069758931
1 2 4 100 2444941 2.069790239
1 3 5 100 392479 2.069920713
0 2 5 100 3211611 2.069944726
1 2 1 100 705692 2.070002854
1 2 6 100 1604128 2.070012008
1 3 2 100 6982236 2.070030859
0 2 1 100 28496 2.070186300
1 2 2 100 26590 2.070316104
0 3 4 100 59199 2.070447397
1 3 2 100 1547079 2.070456169
1 3 6 100 8391 2.070649646
0 2 8 100 5975325 2.070679884
0 3 8 100 21825 2.070794639
1 3 8 100 14504 2.070835998
0 2 1 100 66361 2.070981227
0 3 4 100 36841 2.070983669
0 2 5 100 152020 2.071017529
0 2 8 100 25942 2.071088390
1 3 4 100 17490 2.071257812
1 2 2 100 60711 2.071273537
0 3 8 100 852303 2.071281867
0 3 1 100 8564 2.071283179
0 3 1 100 10801 2.071291338
1 2 6 100 53495 2.071303041
1 3 1 100 1029573 2.071324832
1 2 7 100 49044 2.071333454
1 3 2 100 148638 2.071350800
1 3 1 100 108446 2.071394271
0 3 8 100 1304475 2.071551041
0 3 5 100 40325 2.071553750
0 3 6 100 7157514 2.071576344
1 3 3 100 23371 2.071595579
0 3 2 100 15647 2.071596651
1 2 3 100 1633188 2.071904329
0 3 4 100 1497929 2.071935709
0 2 4 100 1713662 2.072124798
1 3 8 100 48938 2.072187890
0 2 4 100 414873 2.072201745
0 3 5 100 70101 2.072253699
1 2 2 100 717927 2.072368537
1 3 2 100 3118239 2.072369260
0 3 4 100 9945612 2.072509997
1 3 5 100 57575 2.072541690
1 3 8 100 6232 2.072610309
0 2 5 100 13935155 2.072734129
0 3 4 100 30048 2.072778280
0 2 6 100 4425979 2.072887491
1 2 6 100 2308 2.072906162
0 2 8 100 132770 2.072978551
1 2 5 100 7776 2.073012702
0 3 1 100 62576 2.073163939
0 2 7 100 7382814 2.073164833
0 3 7 100 1475790 2.073231823
0 2 1 100 9230 2.073374715
1 3 8 100 809 2.073388788
0 3 5 100 42612 2.073548260
0 2 4 100 6811 2.073561049
0 2 1 100 8368880 2.073617712
0 3 3 100 22486 2.073785681
1 2 1 100 22919 2.073788147
1 3 5 100 2038725 2.073806424
1 2 1 100 1530828 2.073819090
1 3 1 100 21830 2.073914678
0 3 6 100 121140 2.074148153
1 2 5 100 6626936 2.074214408
1 3 4 100 9905 2.074280800
1 3 5 100 4502121 2.074407446
0 2 2 100 15681804 2.074475668
0 2 5 100 663545 2.074780240
1 3 3 100 67102 2.074985420
1 2 8 100 7968 2.075266052
0 2 8 100 74501 2.075483968
0 2 2 100 29577 2.075568074
1 2 2 100 824805 2.075793959
1 2 8 100 3851486 2.075844430
1 2 2 100 4943697 2.075951308
1 2 1 100 4700910 2.076067513
1 3 4 100 63686 2.076232463
1 2 8 100 1558499 2.076309191
0 3 7 100 46215 2.076311484
1 2 5 100 2619707 2.076439800
1 2 1 100 292441 2.076509516
0 2 6 100 6316 2.076560114
1 2 5 100 824279 2.076736529
0 3 2 100 3069 2.076800228
1 2 1 100 21968 2.076971838
1 3 8 100 3759773 2.077092139
0 2 2 100 9493 2.077122788
0 3 6 100 75185 2.077136627
0 3 4 100 24007 2.077166735
1 2 5 100 1985167 2.077172924
1 3 7 100 3210 2.077301242
0 3 8 100 69242 2.077406091
1 3 3 100 9631606 2.077411960
1 2 8 100 92335 2.077428998
1 3 6 100 426880 2.077431875
1 2 5 100 1987037 2.077469511
1 2 3 100 9246167 2.077620148
0 3 5 100 1074944 2.077653476
0 3 6 100 76097 2.077733265
1 2 7 100 234307 2.077749878
0 2 5 100 6815993 2.078022357
1 2 3 100 37903 2.078056111
1 2 2 100 1753680 2.078107028
0 2 7 100 1909282 2.078116291
0 3 1 100 21769399 2.078149280
0 3 3 100 62784 2.078380708
1 3 5 100 33240 2.078389040
1 2 7 100 14029938 2.078431488
1 2 3 100 6325 2.078434837
0 3 1 100 37997 2.078535468
1 3 8 100 6745157 2.078581208
0 2 8 100 2410122 2.078662603
1 3 5 100 1143711 2.078741904
0 2 2 100 52 2.078779593
0 3 2 100 1558136 2.078789078
1 2 3 100 51257 2.078886225
1 3 7 100 4061197 2.078974761
1 2 7 100 972703 2.079001908
1 2 7 100 4225680 2.079067353
1 2 8 100 69423 2.079138883
0 3 4 100 30076 2.079331865
0 2 3 100 167041 2.079465801
0 2 3 100 5664 2.079573384
1 3 1 100 9095630 2.079736379
0 2 2 100 1054520 2.079845364
0 2 6 100 13591977 2.080043093
0 2 4 100 20339 2.080318637
1 2 5 100 3685809 2.080322413
1 3 5 100 5931554 2.080353859
1 2 8 100 3109730 2.080410122
1 2 3 100 118319 2.080427797
1 2 2 100 261553 2.080522108
0 3 4 100 41329 2.080577547
0 3 2 100 1345086 2.080791246
1 3 1 100 1197237 2.080820916
0 3 3 100 73059 2.080921294
1 3 2 100 7865 2.080965767
0 2 5 100 7154 2.081081987
1 3 2 100 192438 2.081123276
1 2 6 100 150563 2.081309723
0 2 1 100 661326 2.081396342
0 2 1 100 1839468 2.081689130
0 2 4 100 35852 2.081703874
0 3 1 100 168077 2.081819045
0 3 5 100 884704 2.081904866
1 3 8 100 2751022 2.082042937
0 3 7 100 4714679 2.082318848
1 3 6 100 5613569 2.082328721
0 2 4 100 2374678 2.082389758
0 3 1 100 538029 2.082623912
1 3 1 100 763583 2.082624615
0 2 6 100 22122 2.082657860
0 2 3 100 3686 2.082817501
1 3 4 100 473774 2.082842523
1 3 8 100 64945 2.082874289
0 2 6 100 1394824 2.082930603
0 3 5 100 19783 2.082941778
1 3 1 100 44371 2.083072056
1 2 6 100 45397 2.083221846
0 2 3 100 185652 2.083250855
1 3 3 100 16378 2.083251193
1 2 3 100 64070 2.083332203
1 2 1 100 1843 2.083349776
0 3 7 100 7882 2.083385361
0 2 6 100 561973 2.083423621
0 2 4 100 4869261 2.083489224
1 3 6 100 25673 2.083489775
1 2 1 100 810 2.083531313
0 2 3 100 8945 2.083599255
0 3 6 100 37297 2.083664067
1 2 8 100 1183 2.083669820
1 3 6 100 1655594 2.083701353
1 3 4 100 236491 2.083717954
0 3 6 100 1278768 2.083756994
1 2 2 100 8722974 2.083757625
1 3 1 100 24219 2.083884576
0 3 6 100 12313614 2.083941822
0 2 8 100 685028 2.083997200
1 3 4 100 4856153 2.084068406
1 3 4 100 29098 2.084150448
0 3 4 100 685 2.084153522
1 3 3 100 23287 2.084211843
1 2 1 100 8513 2.084219269
1 3 1 100 66351 2.084256537
1 2 4 100 678 2.084273006
1 2 4 100 4496013 2.084358423
1 2 3 100 75192 2.084417515
0 2 2 100 28030 2.084497569
0 2 5 100 185304 2.084547390
0 3 6 100 9381877 2.084691233
1 2 3 100 25205 2.084820637
1 2 7 100 1360429 2.084854409
1 3 4 100 11298 2.084997589
1 2 6 100 9288 2.085093880
0 3 2 100 20210 2.085422085
1 2 8 100 1190475 2.085499115
0 3 5 100 25424 2.085543928
1 3 8 100 44142 2.085550533
0 3 3 100 11046 2.085623247
1 2 4 100 1744639 2.085919353
0 2 3 100 4210136 2.085934893
1 3 8 100 2929508 2.085976530
0 2 7 100 23448 2.086023839
0 3 5 100 6500 2.086230363
1 2 3 100 6101 2.086326822
1 3 6 100 23835 2.086377273
0 2 6 100 1570431 2.086396058
0 3 4 100 1412755 2.086404712
0 3 1 100 38509 2.086404921
1 2 2 100 25279 2.086821698
1 2 8 100 54993 2.086881406
0 2 2 100 8325 2.086979892
1 2 5 100 1474418 2.087010472
0 2 1 100 23669 2.087085438
1 2 5 100 1074398 2.087163472
1 2 3 100 28410 2.087198187
0 3 7 100 30074 2.087278192
1 3 3 100 2178753 2.087297788
1 3 1 100 27247369 2.087324820
0 2 2 100 58953 2.087398072
0 2 7 100 13751328 2.087413375
0 2 8 100 5764262 2.087436998
1 3 5 100 63864 2.087508361
1 3 1 100 102620 2.087714453
0 2 2 100 49296 2.087783335
0 2 6 100 845375 2.087805655
0 3 6 100 1183449 2.087826203
1 2 4 100 522766 2.087868836
1 2 2 100 891819 2.087872826
1 3 3 100 1337871 2.087891691
1 3 5 100 2945 2.087925047
0 3 1 100 155011 2.087994651
0 3 4 100 206022 2.088025971
1 3 3 100 54635 2.088117595
1 3 1 100 1442378 2.088142381
1 2 5 100 8646 2.088250455
0 2 8 100 2581242 2.088392781
0 3 6 100 5783 2.088404411
0 3 2 100 4795870 2.088420467
1 2 1 100 100181 2.088457747
0 2 5 100 2649398 2.088551439
1 3 8 100 21068 2.088614467
1 3 4 100 27713 2.088627200
1 2 1 100 2522504 2.088651514
1 2 7 100 27955300 2.088777579
1 2 4 100 1979156 2.088816298
0 2 2 100 164859 2.088902931
1 3 8 100 38225 2.088986162
0 2 6 100 1677 2.089054081
1 2 7 100 20318 2.089255326
1 3 5 100 1467520 2.089268764
0 3 5 100 9585304 2.089307569
0 3 7 100 17122 2.089513214
0 2 8 100 5176 2.089558910
0 3 1 100 5836 2.089678957
1 2 1 100 2177232 2.089730526
0 3 8 100 1839 2.089739123
1 3 7 100 8293684 2.089785564
1 3 2 100 27314 2.089800469
0 3 4 100 173493 2.090080489
1 2 7 100 46147 2.090162161
0 2 1 100 818033 2.090461666
1 3 3 100 8292 2.090504326
0 2 6 100 2743857 2.090542452
0 2 5 100 828065 2.090650729
1 2 7 100 37000 2.090783755
1 2 7 100 3685378 2.090900750
1 2 7 100 23860 2.091022257
0 3 6 100 14485226 2.091087794
0 2 2 100 2806647 2.091092550
0 3 1 100 15617407 2.091155570
1 3 8 100 1896368 2.091168262
1 2 1 100 42783 2.091316536
0 2 6 100 5513269 2.091338967
0 3 2 100 17462 2.091347790
0 2 2 100 25856485 2.091394272
1 3 4 100 3906870 2.091556633
1 3 5 100 406 2.091604171
1 2 5 100 76171 2.091612977
1 3 5 100 433493 2.091630690
1 2 4 100 55116 2.091631319
0 3 7 100 1787246 2.091695756
1 2 2 100 1291 2.091698468
0 2 2 100 11571641 2.091703968
0 2 2 100 38298 2.091752443
0 2 7 100 33735 2.091888877
1 2 1 100 22317 2.091982297
1 2 7 100 72879 2.091986588
1 3 1 100 5380 2.092096619
0 2 8 100 1668367 2.092209475
0 2 3 100 6416 2.092240383
0 2 8 100 9544667 2.092258578
1 2 7 100 1953524 2.092280920
0 2 4 100 21149 2.092342226
1 3 1 100 7358 2.092459073
0 2 4 100 38182 2.092487088
1 2 4 100 52401 2.092628262
1 2 2 100 116882 2.092677249
0 2 5 100 32022 2.092732466
1 2 2 100 24108133 2.092786345
1 2 4 100 4343715 2.092797692
1 3 7 100 5460 2.092812918
0 2 3 100 50912 2.092870157
1 3 2 100 183077 2.092939574
1 2 3 100 43145 2.093164432
0 2 4 100 101634 2.093253977
0 3 2 100 1470906 2.093368531
1 3 3 100 22476596 2.093549590
1 3 3 100 335422 2.093550443
1 3 5 100 1704246 2.093574630
0 2 3 100 41451 2.093593866
0 2 6 100 3832936 2.093709574
0 3 4 100 75460 2.093788595
1 3 4 100 42034 2.094040969
1 2 1 100 2914155 2.094113130
0 2 2 100 6695 2.094231447
1 2 5 100 36869 2.094272376
0 2 5 100 1244463 2.094274355
1 2 4 100 7505 2.094284274
0 2 3 100 34514 2.094494175
0 2 4 100 34712 2.094570010
1 2 3 100 125605 2.094592902
1 2 3 100 228501 2.094624105
1 2 3 100 118233 2.094642125
0 2 3 100 21102 2.094645787
0 2 3 100 8992136 2.094653145
1 3 4 100 3784 2.094669735
0 2 7 100 79037 2.094686435
0 2 4 100 13124 2.094687163
1 3 5 100 2717638 2.094704194
0 3 5 100 4111 2.094740096
1 3 1 100 27987 2.094763465
0 2 7 100 114274 2.094786921
1 3 2 100 1822727 2.094798973
0 3 3 100 1549 2.094821591
1 3 1 100 16715 2.094830563
1 2 8 100 655247 2.094838399
1 2 4 100 1612 2.094879544
0 2 2 100 1853821 2.094917611
1 2 6 100 44993 2.095350730
1 3 4 100 6603417 2.095362074
0 3 1 100 602130 2.095435268
0 2 6 100 370539 2.095580972
0 2 2 100 399340 2.095621462
0 3 3 100 21765042 2.095850163
1 3 7 100 35662 2.096085003
1 3 6 100 75497 2.096106284
0 2 8 100 23668 2.096231697
1 3 5 100 1109028 2.096235505
1 2 3 100 18103 2.096429075
0 3 1 100 49201 2.096461753
1 2 1 100 17168860 2.096541315
1 2 1 100 23757 2.096585167
1 2 5 100 12048 2.096631238
0 3 4 100 9980155 2.096945051
0 3 7 100 73409 2.096989216
1 3 2 100 35126 2.097328307
0 2 6 100 3009 2.097353383
0 3 4 100 8462034 2.097532823
1 3 5 100 817956 2.097554405
1 3 3 100 1094364 2.097678692
1 3 4 100 21644 2.097781314
1 2 3 100 717923 2.097797823
0 2 6 100 3671440 2.097832858
1 3 1 100 977551 2.097997810
0 2 4 100 28064213 2.098061291
1 3 4 100 29661 2.098114700
0 3 2 100 64991 2.098145545
1 3 7 100 585682 2.098223894
1 3 2 100 1100016 2.098278792
0 3 7 100 12135 2.098294528
1 3 6 100 108803 2.098458306
1 3 7 100 63021 2.098553344
0 3 3 100 16494 2.098694010
1 3 8 100 1783021 2.098741824
0 2 7 100 11253 2.098750091
1 2 7 100 79054 2.098765947
0 2 2 100 180820 2.098874121
1 2 4 100 11780 2.098933405
0 3 4 100 23902 2.099176186
0 2 7 100 943604 2.099199485
0 2 6 100 4523892 2.099229168
0 2 5 100 951626 2.099265174
0 3 1 100 6990271 2.099271891
0 3 8 100 9934 2.099618043
0 2 5 100 76852 2.099645319
0 2 1 100 21141 2.099648457
0 3 3 100 109791 2.099665969
0 2 6 100 113872 2.099771167
0 2 3 100 5263 2.099964066
